0.000000000000000000e+00 0.000000000000000000e+00 0.000000000000000000e+00 1.000000000000000000e+00 1.000000000000000000e+00 0.000000000000000000e+00
1.750000000000000167e-02 0.000000000000000000e+00 6.500000000000000222e-02 1.000000000000000000e+00 9.174999999999999822e-01 0.000000000000000000e+00
4.499999999999999833e-02 0.000000000000000000e+00 1.100000000000000006e-01 1.000000000000000000e+00 8.449999999999999734e-01 0.000000000000000000e+00
6.750000000000000444e-02 0.000000000000000000e+00 1.650000000000000078e-01 1.000000000000000000e+00 7.674999999999999600e-01 0.000000000000000000e+00
8.500000000000000611e-02 0.000000000000000000e+00 2.300000000000000100e-01 1.000000000000000000e+00 6.850000000000000533e-01 0.000000000000000000e+00
1.150000000000000050e-01 0.000000000000000000e+00 2.700000000000000178e-01 1.000000000000000000e+00 6.149999999999999911e-01 0.000000000000000000e+00
1.449999999999999900e-01 0.000000000000000000e+00 3.099999999999999978e-01 1.000000000000000000e+00 5.450000000000000400e-01 0.000000000000000000e+00
1.724999999999999867e-01 0.000000000000000000e+00 3.549999999999999822e-01 1.000000000000000000e+00 4.724999999999999756e-01 0.000000000000000000e+00
1.975000000000000089e-01 0.000000000000000000e+00 4.050000000000000266e-01 1.000000000000000000e+00 3.975000000000000200e-01 0.000000000000000000e+00
2.200000000000000011e-01 0.000000000000000000e+00 4.600000000000000200e-01 1.000000000000000000e+00 3.200000000000000067e-01 0.000000000000000000e+00
2.449999999999999956e-01 0.000000000000000000e+00 5.050000000000000044e-01 1.000000000000000000e+00 2.500000000000000000e-01 0.000000000000000000e+00
2.725000000000000200e-01 0.000000000000000000e+00 5.500000000000000444e-01 1.000000000000000000e+00 1.774999999999999911e-01 0.000000000000000000e+00
3.125000000000000000e-01 0.000000000000000000e+00 5.699999999999999512e-01 1.000000000000000000e+00 1.174999999999999933e-01 0.000000000000000000e+00
3.574999999999999845e-01 0.000000000000000000e+00 5.799999999999999600e-01 1.000000000000000000e+00 6.250000000000000000e-02 0.000000000000000000e+00
4.074999999999999734e-01 0.000000000000000000e+00 5.799999999999999600e-01 1.000000000000000000e+00 1.250000000000000069e-02 0.000000000000000000e+00
4.074999999999999734e-01 5.000000000000000104e-03 5.899999999999999689e-01 9.925000000000000488e-01 2.500000000000000052e-03 2.500000000000000052e-03
3.975000000000000200e-01 1.499999999999999944e-02 5.999999999999999778e-01 9.825000000000000400e-01 2.500000000000000052e-03 2.500000000000000052e-03
3.850000000000000089e-01 2.249999999999999917e-02 6.149999999999999911e-01 9.775000000000000355e-01 0.000000000000000000e+00 0.000000000000000000e+00
3.775000000000000022e-01 3.500000000000000333e-02 6.199999999999999956e-01 9.625000000000000222e-01 2.500000000000000052e-03 2.500000000000000052e-03
3.724999999999999978e-01 4.750000000000000056e-02 6.274999999999999467e-01 9.525000000000000133e-01 0.000000000000000000e+00 0.000000000000000000e+00
3.649999999999999911e-01 5.750000000000000250e-02 6.350000000000000089e-01 9.425000000000000044e-01 0.000000000000000000e+00 0.000000000000000000e+00
3.549999999999999822e-01 6.750000000000000444e-02 6.450000000000000178e-01 9.324999999999999956e-01 0.000000000000000000e+00 0.000000000000000000e+00
3.524999999999999800e-01 8.250000000000000389e-02 6.474999999999999645e-01 9.174999999999999822e-01 0.000000000000000000e+00 0.000000000000000000e+00
3.400000000000000244e-01 8.999999999999999667e-02 6.574999999999999734e-01 9.074999999999999734e-01 2.500000000000000052e-03 2.500000000000000052e-03
3.350000000000000200e-01 1.024999999999999939e-01 6.650000000000000355e-01 8.974999999999999645e-01 0.000000000000000000e+00 0.000000000000000000e+00
3.250000000000000111e-01 1.125000000000000028e-01 6.750000000000000444e-01 8.874999999999999556e-01 0.000000000000000000e+00 0.000000000000000000e+00
3.099999999999999978e-01 1.199999999999999956e-01 6.875000000000000000e-01 8.774999999999999467e-01 2.500000000000000052e-03 2.500000000000000052e-03
3.049999999999999933e-01 1.325000000000000067e-01 6.949999999999999512e-01 8.675000000000000488e-01 0.000000000000000000e+00 0.000000000000000000e+00
2.874999999999999778e-01 1.400000000000000133e-01 7.099999999999999645e-01 8.599999999999999867e-01 2.500000000000000052e-03 0.000000000000000000e+00
2.849999999999999756e-01 1.524999999999999967e-01 7.149999999999999689e-01 8.475000000000000311e-01 0.000000000000000000e+00 0.000000000000000000e+00
2.775000000000000244e-01 1.625000000000000056e-01 7.225000000000000311e-01 8.375000000000000222e-01 0.000000000000000000e+00 0.000000000000000000e+00
2.625000000000000111e-01 1.700000000000000122e-01 7.349999999999999867e-01 8.275000000000000133e-01 2.500000000000000052e-03 2.500000000000000052e-03
2.575000000000000067e-01 1.824999999999999956e-01 7.425000000000000488e-01 8.175000000000000044e-01 0.000000000000000000e+00 0.000000000000000000e+00
2.474999999999999978e-01 1.925000000000000044e-01 7.524999999999999467e-01 8.074999999999999956e-01 0.000000000000000000e+00 0.000000000000000000e+00
2.424999999999999933e-01 2.025000000000000133e-01 7.550000000000000044e-01 7.950000000000000400e-01 2.500000000000000052e-03 2.500000000000000052e-03
2.374999999999999889e-01 2.074999999999999900e-01 7.624999999999999556e-01 7.924999999999999822e-01 0.000000000000000000e+00 0.000000000000000000e+00
2.300000000000000100e-01 2.099999999999999922e-01 7.700000000000000178e-01 7.850000000000000311e-01 0.000000000000000000e+00 5.000000000000000104e-03
2.200000000000000011e-01 2.200000000000000011e-01 7.774999999999999689e-01 7.800000000000000266e-01 2.500000000000000052e-03 0.000000000000000000e+00
2.099999999999999922e-01 2.225000000000000033e-01 7.874999999999999778e-01 7.750000000000000222e-01 2.500000000000000052e-03 2.500000000000000052e-03
2.074999999999999900e-01 2.349999999999999867e-01 7.924999999999999822e-01 7.624999999999999556e-01 0.000000000000000000e+00 2.500000000000000052e-03
2.049999999999999878e-01 2.474999999999999978e-01 7.924999999999999822e-01 7.524999999999999467e-01 2.500000000000000052e-03 0.000000000000000000e+00
1.975000000000000089e-01 2.575000000000000067e-01 8.000000000000000444e-01 7.399999999999999911e-01 2.500000000000000052e-03 2.500000000000000052e-03
1.875000000000000000e-01 2.675000000000000155e-01 8.100000000000000533e-01 7.325000000000000400e-01 2.500000000000000052e-03 0.000000000000000000e+00
1.799999999999999933e-01 2.700000000000000178e-01 8.175000000000000044e-01 7.275000000000000355e-01 2.500000000000000052e-03 2.500000000000000052e-03
1.724999999999999867e-01 2.750000000000000222e-01 8.249999999999999556e-01 7.225000000000000311e-01 2.500000000000000052e-03 2.500000000000000052e-03
1.700000000000000122e-01 2.824999999999999734e-01 8.299999999999999600e-01 7.125000000000000222e-01 0.000000000000000000e+00 5.000000000000000104e-03
1.625000000000000056e-01 2.899999999999999800e-01 8.375000000000000222e-01 7.099999999999999645e-01 0.000000000000000000e+00 0.000000000000000000e+00
1.575000000000000011e-01 2.949999999999999845e-01 8.425000000000000266e-01 6.999999999999999556e-01 0.000000000000000000e+00 5.000000000000000104e-03
1.524999999999999967e-01 2.949999999999999845e-01 8.475000000000000311e-01 7.049999999999999600e-01 0.000000000000000000e+00 0.000000000000000000e+00
1.499999999999999944e-01 3.024999999999999911e-01 8.499999999999999778e-01 6.975000000000000089e-01 0.000000000000000000e+00 0.000000000000000000e+00
1.449999999999999900e-01 3.099999999999999978e-01 8.525000000000000355e-01 6.875000000000000000e-01 2.500000000000000052e-03 2.500000000000000052e-03
1.449999999999999900e-01 3.175000000000000044e-01 8.549999999999999822e-01 6.800000000000000488e-01 0.000000000000000000e+00 2.500000000000000052e-03
1.424999999999999878e-01 3.175000000000000044e-01 8.575000000000000400e-01 6.824999999999999956e-01 0.000000000000000000e+00 0.000000000000000000e+00
1.424999999999999878e-01 3.150000000000000022e-01 8.575000000000000400e-01 6.824999999999999956e-01 0.000000000000000000e+00 2.500000000000000052e-03
1.375000000000000111e-01 3.225000000000000089e-01 8.625000000000000444e-01 6.774999999999999911e-01 0.000000000000000000e+00 0.000000000000000000e+00
1.325000000000000067e-01 3.250000000000000111e-01 8.675000000000000488e-01 6.750000000000000444e-01 0.000000000000000000e+00 0.000000000000000000e+00
1.325000000000000067e-01 3.250000000000000111e-01 8.675000000000000488e-01 6.700000000000000400e-01 0.000000000000000000e+00 5.000000000000000104e-03
1.275000000000000022e-01 3.275000000000000133e-01 8.725000000000000533e-01 6.700000000000000400e-01 0.000000000000000000e+00 2.500000000000000052e-03
1.224999999999999978e-01 3.350000000000000200e-01 8.774999999999999467e-01 6.650000000000000355e-01 0.000000000000000000e+00 0.000000000000000000e+00
1.224999999999999978e-01 3.400000000000000244e-01 8.774999999999999467e-01 6.600000000000000311e-01 0.000000000000000000e+00 0.000000000000000000e+00
1.224999999999999978e-01 3.474999999999999756e-01 8.774999999999999467e-01 6.524999999999999689e-01 0.000000000000000000e+00 0.000000000000000000e+00
1.224999999999999978e-01 3.474999999999999756e-01 8.774999999999999467e-01 6.524999999999999689e-01 0.000000000000000000e+00 0.000000000000000000e+00
1.224999999999999978e-01 3.474999999999999756e-01 8.774999999999999467e-01 6.500000000000000222e-01 0.000000000000000000e+00 2.500000000000000052e-03
1.224999999999999978e-01 3.624999999999999889e-01 8.774999999999999467e-01 6.374999999999999556e-01 0.000000000000000000e+00 0.000000000000000000e+00
1.224999999999999978e-01 3.624999999999999889e-01 8.774999999999999467e-01 6.350000000000000089e-01 0.000000000000000000e+00 2.500000000000000052e-03
1.199999999999999956e-01 3.674999999999999933e-01 8.800000000000000044e-01 6.324999999999999512e-01 0.000000000000000000e+00 0.000000000000000000e+00
1.174999999999999933e-01 3.624999999999999889e-01 8.824999999999999512e-01 6.350000000000000089e-01 0.000000000000000000e+00 2.500000000000000052e-03
1.150000000000000050e-01 3.674999999999999933e-01 8.850000000000000089e-01 6.300000000000000044e-01 0.000000000000000000e+00 2.500000000000000052e-03
1.150000000000000050e-01 3.724999999999999978e-01 8.850000000000000089e-01 6.274999999999999467e-01 0.000000000000000000e+00 0.000000000000000000e+00
1.150000000000000050e-01 3.649999999999999911e-01 8.850000000000000089e-01 6.350000000000000089e-01 0.000000000000000000e+00 0.000000000000000000e+00
1.125000000000000028e-01 3.724999999999999978e-01 8.850000000000000089e-01 6.250000000000000000e-01 2.500000000000000052e-03 2.500000000000000052e-03
1.150000000000000050e-01 3.800000000000000044e-01 8.850000000000000089e-01 6.199999999999999956e-01 0.000000000000000000e+00 0.000000000000000000e+00
1.125000000000000028e-01 3.800000000000000044e-01 8.850000000000000089e-01 6.175000000000000488e-01 2.500000000000000052e-03 2.500000000000000052e-03
1.074999999999999983e-01 3.750000000000000000e-01 8.924999999999999600e-01 6.199999999999999956e-01 0.000000000000000000e+00 5.000000000000000104e-03
1.074999999999999983e-01 3.775000000000000022e-01 8.924999999999999600e-01 6.199999999999999956e-01 0.000000000000000000e+00 2.500000000000000052e-03
1.049999999999999961e-01 3.850000000000000089e-01 8.924999999999999600e-01 6.125000000000000444e-01 2.500000000000000052e-03 2.500000000000000052e-03
1.049999999999999961e-01 3.800000000000000044e-01 8.950000000000000178e-01 6.149999999999999911e-01 0.000000000000000000e+00 5.000000000000000104e-03
1.049999999999999961e-01 3.850000000000000089e-01 8.950000000000000178e-01 6.125000000000000444e-01 0.000000000000000000e+00 2.500000000000000052e-03
1.024999999999999939e-01 3.850000000000000089e-01 8.974999999999999645e-01 6.125000000000000444e-01 0.000000000000000000e+00 2.500000000000000052e-03
1.000000000000000056e-01 3.875000000000000111e-01 9.000000000000000222e-01 6.075000000000000400e-01 0.000000000000000000e+00 5.000000000000000104e-03
9.750000000000000333e-02 3.900000000000000133e-01 9.024999999999999689e-01 6.075000000000000400e-01 0.000000000000000000e+00 2.500000000000000052e-03
9.750000000000000333e-02 3.950000000000000178e-01 9.024999999999999689e-01 5.999999999999999778e-01 0.000000000000000000e+00 5.000000000000000104e-03
9.500000000000000111e-02 3.975000000000000200e-01 9.050000000000000266e-01 5.975000000000000311e-01 0.000000000000000000e+00 5.000000000000000104e-03
9.500000000000000111e-02 4.074999999999999734e-01 9.050000000000000266e-01 5.925000000000000266e-01 0.000000000000000000e+00 0.000000000000000000e+00
9.249999999999999889e-02 4.025000000000000244e-01 9.074999999999999734e-01 5.949999999999999734e-01 0.000000000000000000e+00 2.500000000000000052e-03
9.249999999999999889e-02 3.975000000000000200e-01 9.074999999999999734e-01 5.999999999999999778e-01 0.000000000000000000e+00 2.500000000000000052e-03
8.749999999999999445e-02 3.975000000000000200e-01 9.124999999999999778e-01 5.999999999999999778e-01 0.000000000000000000e+00 2.500000000000000052e-03
8.749999999999999445e-02 4.000000000000000222e-01 9.124999999999999778e-01 5.999999999999999778e-01 0.000000000000000000e+00 0.000000000000000000e+00
8.500000000000000611e-02 4.050000000000000266e-01 9.150000000000000355e-01 5.925000000000000266e-01 0.000000000000000000e+00 2.500000000000000052e-03
8.500000000000000611e-02 4.099999999999999756e-01 9.150000000000000355e-01 5.899999999999999689e-01 0.000000000000000000e+00 0.000000000000000000e+00
8.500000000000000611e-02 4.074999999999999734e-01 9.150000000000000355e-01 5.899999999999999689e-01 0.000000000000000000e+00 2.500000000000000052e-03
8.500000000000000611e-02 4.124999999999999778e-01 9.150000000000000355e-01 5.849999999999999645e-01 0.000000000000000000e+00 2.500000000000000052e-03
8.500000000000000611e-02 4.174999999999999822e-01 9.150000000000000355e-01 5.825000000000000178e-01 0.000000000000000000e+00 0.000000000000000000e+00
8.500000000000000611e-02 4.224999999999999867e-01 9.150000000000000355e-01 5.775000000000000133e-01 0.000000000000000000e+00 0.000000000000000000e+00
8.500000000000000611e-02 4.224999999999999867e-01 9.150000000000000355e-01 5.749999999999999556e-01 0.000000000000000000e+00 2.500000000000000052e-03
8.250000000000000389e-02 4.224999999999999867e-01 9.174999999999999822e-01 5.749999999999999556e-01 0.000000000000000000e+00 2.500000000000000052e-03
8.250000000000000389e-02 4.249999999999999889e-01 9.174999999999999822e-01 5.749999999999999556e-01 0.000000000000000000e+00 0.000000000000000000e+00
8.250000000000000389e-02 4.249999999999999889e-01 9.174999999999999822e-01 5.749999999999999556e-01 0.000000000000000000e+00 0.000000000000000000e+00
8.250000000000000389e-02 4.199999999999999845e-01 9.174999999999999822e-01 5.775000000000000133e-01 0.000000000000000000e+00 2.500000000000000052e-03
8.250000000000000389e-02 4.224999999999999867e-01 9.174999999999999822e-01 5.775000000000000133e-01 0.000000000000000000e+00 0.000000000000000000e+00
