0.000000000000000000e+00
1.779333815000557411e-11
3.995175946824073593e-11
6.329906539036441919e-11
7.711443304219056598e-11
1.121356089343288953e-10
1.449154477180892327e-10
1.833723427649765050e-10
2.247436792006104029e-10
2.840961082949786896e-10
3.491651110375133869e-10
4.026855307602261054e-10
5.001887672099451338e-10
5.925746253243061658e-10
7.009243859688902865e-10
7.946209129680608460e-10
9.221761334007103534e-10
1.085116235325728165e-09
1.270504955830949200e-09
1.468912098109255469e-09
1.747218972177183681e-09
2.203907547824364170e-09
2.816653671730122077e-09
3.697041113607573776e-09
5.191130789139680511e-09
8.052729211863350642e-09
3.673703354840695729e-07
7.049858862577308116e-06
1.313269874406700217e-05
1.822482345971716252e-05
2.385739633480835498e-05
2.931407498926689591e-05
3.401033804472432140e-05
4.143662625662216368e-05
4.879459591114935184e-05
5.401026380898925425e-05
6.020798656067555510e-05
6.683083768999689971e-05
7.256631772742887622e-05
8.002020044288300446e-05
8.682327699352465308e-05
9.651633614662824177e-05
1.022090286686117521e-04
1.149388917360977540e-04
1.315937324636572983e-04
1.422598143859678634e-04
1.499052867004517996e-04
1.657816113240976707e-04
1.745728897990946570e-04
1.927068494990044059e-04
1.976726756309776789e-04
2.029999192117531407e-04
2.275462436433018699e-04
2.458976539608529930e-04
2.642824307579809493e-04
2.782285917495900228e-04
2.931653692904893720e-04
3.090290568966614802e-04
3.240521793735113990e-04
3.446693744224850172e-04
3.684938378923913313e-04
3.900268302315987702e-04
3.981359555945761068e-04
4.103433441678144985e-04
4.254260372769054824e-04
4.405099118654010114e-04
4.528352978807062773e-04
4.646736365037906205e-04
4.781988199735700456e-04
4.993184304895765006e-04
5.347841470496930141e-04
5.478965848345803682e-04
5.692526513588849237e-04
6.042084806091356725e-04
6.313433853476849980e-04
6.507760144985793574e-04
6.742712334615359607e-04
6.923330111045908255e-04
7.082904220075646184e-04
7.283471283091332406e-04
7.454776086285091682e-04
7.617074956063229390e-04
7.862360657295381847e-04
8.019433141096520825e-04
8.279145538434452964e-04
8.406265905891571397e-04
8.585277250108297887e-04
8.686973105036940260e-04
8.774506800449299784e-04
8.884716840570401229e-04
9.111097727911388142e-04
9.233476497373884926e-04
9.434249951371584397e-04
9.607347724167230110e-04
9.830427124874856204e-04
1.009513706882750328e-03
1.023629695640378276e-03
1.044057413586321585e-03
1.063623075348180472e-03
1.085128540342755873e-03
