2.187911343876750152e+02
2.960365984019170327e+01
4.522874164374331762e+00
2.509449619447683411e+00
1.898186344294491956e+00
3.911859658182268884e+00
1.369716661163008720e+00
3.930058591413677416e+00
1.947285971782440228e+00
1.916168525020776503e+00
2.302308720589321567e+00
4.833818997304977216e+00
1.074575768980198465e+00
2.410109170039376636e+00
3.660404639897499202e+00
3.019572581194106320e+00
3.211087345332901855e+00
3.438509166989811128e+00
2.275615903635360038e+00
1.537580188617430510e+00
4.467348274508182726e+00
3.785313682858403084e+00
1.626146021484079718e+00
1.014075596210413099e+00
9.479130993921102144e-01
1.050981278224068838e+00
2.014268488997608575e+00
1.599958653353660942e+00
1.096898993498606867e+00
7.180016383058267504e-01
9.099642292006941968e-01
8.607776925610020058e-01
3.048775084829584703e+00
3.414287034337399440e+00
1.968027630489005642e+00
2.494841760305624767e+00
3.756920311215636410e+00
2.977209037166379524e+00
4.906392420841137358e+00
1.916231168537453122e+00
2.448510350156872128e+00
1.132397693419934903e+00
4.004422629987439031e+00
6.516325262456401646e+00
7.480514755843572949e+00
2.304929054175242076e+00
2.536142432445586792e+00
1.253316455318629785e+00
8.996956976713882392e-01
1.838190389156733051e+00
2.612499376328839329e+00
1.186474230456438628e+00
1.465792388865049034e+00
1.594458970061926273e+00
1.387619020459833763e+00
1.177712739983506118e+00
1.173928274066666999e+00
8.607014924436467984e-01
1.592334069215584069e+00
7.335239661035134473e-01
6.234013853819304618e-01
1.082853063961101370e+00
1.120695584305666292e+00
2.646158562742406239e+00
1.388865422699550489e+00
4.411277263514333802e-01
1.569601474928592033e+00
5.487702848647568743e-01
1.554342552858041238e+00
1.510576072163999584e+00
1.413375025525199113e+00
9.953039312801124083e-01
5.198350992805031989e-01
1.968998879163570193e+00
3.580072706705744512e+00
7.837227674830096191e-01
1.256123535960716353e+00
5.456496024683481494e-01
1.561647267715169374e+00
1.752600559962859794e+00
4.379270100922669329e+00
3.110971358163892031e+00
7.629382665871204949e-01
5.810815925553171057e-01
4.726517423716406485e-01
7.677336318447075536e-01
9.687254547688441964e-01
1.959834565052107180e+00
6.687410078870106300e-01
9.551358028446095272e-01
1.203881089340035793e+00
2.294657022726100060e+00
1.061133613122904107e+00
1.002149016520433644e+00
7.512294431366852709e-01
1.386729601496275999e+00
1.005697710912472953e+00
1.579314430149476811e+00
6.484965806147138245e-01
1.048653219007255943e+00
1.472518783105588369e+00
1.694209347967280177e+00
1.386764835954018338e+00
3.582274523740273664e-01
1.898001978169798321e+00
3.489429699466586321e-01
1.139931721225765582e+00
4.602515868653189735e-01
1.515348614751349077e+00
2.898044619930597587e-01
9.328552867452164499e-01
1.357443197201247065e+00
6.325495768549118658e-01
1.026115718864486048e+00
8.094060217762102383e-01
1.201280051306805818e+00
5.281915360283223393e+00
2.305976547401348498e+00
3.538171760535673727e+00
2.596945475765139122e+00
8.309181931096389917e-01
9.001236947245806475e-01
1.738136384586181693e+00
7.546570230041185212e-01
2.336919675647934902e+00
1.692746751915531922e+00
6.931024325865078328e-01
1.717931913363186514e+00
2.435683034291063365e+00
6.867483488157897220e-01
6.059932823650795441e-01
3.150853707271149551e-01
2.391508643759726604e-01
1.513008215891757935e+00
5.731257271519258900e-01
5.947104062263731672e-01
4.585479561073877441e+00
6.429057171915220081e-01
8.051620377196253564e-01
6.616002365653577133e-01
6.727312567044705371e-01
6.363877730238464148e-01
8.779502532699399175e-01
2.799812172116820097e-01
6.300899409889140212e-01
3.524165800151685124e-01
6.304920567474074922e-01
3.907727367942337438e-01
3.213540612211348568e-01
3.119437602662417097e-01
4.404267242749830280e-01
8.381857101937861820e-01
4.731472746253511108e-01
1.568343668915000544e+00
1.449817545319631362e+00
6.629113743531859226e-01
1.022118874829559099e+00
1.658741877370068618e+00
3.118810335261471556e-01
1.661219819835213052e+00
5.619242480395426620e-01
4.371837350728169924e-01
2.811607618258280539e-01
8.133623110389639477e-01
2.851310117450843507e+00
8.101094515033219201e-01
6.411202806497928730e-01
5.861941964524353121e-01
4.856172445952469108e-01
8.999332558580233066e-01
5.226263758121888481e-01
2.936694556213682583e-01
1.126155952832164964e+00
8.290472385152409807e-01
8.437444918537964078e-01
1.146581148667988881e+00
4.328290021426147716e-01
5.119897502121797395e-01
1.792325478135158301e-01
7.575329634175437254e-01
3.157070516139271477e-01
5.668445701659142744e-01
3.633087263197690708e-01
1.123955431702094110e+00
3.521355171566183939e-01
8.278634922945714569e-01
4.429818270005575487e-01
4.279547083735838475e-01
3.110172105049076041e-01
3.555401900439776330e-01
2.360057851137409846e-01
4.985332404351214830e-01
1.491462577057534600e-01
3.610659340840781106e-01
5.927493910338910155e-01
2.115438137614919500e-01
6.148476629730441623e-01
1.304195428553321379e-01
1.490837474282095565e+00
1.305308179168934712e-01
1.152227028263599351e-01
3.276914949052773363e+00
1.377225859519591200e+00
2.602814661863995793e-01
1.825626480688303133e+00
3.414140619617528905e-01
4.552651890256082523e-01
1.231079680911879304e-01
2.419204384019275900e-01
1.832205464341192247e+00
7.974648499472938301e-01
1.214525670009407143e+00
5.045654778688238862e-01
4.996335113704747366e-01
9.705221104073927796e-01
1.047111024777232835e+00
1.581439530989153130e+00
1.738732402078357331e-01
1.575557594102868997e+00
5.091585528063317101e-01
2.892005819008230394e-01
4.336172228869091816e-01
1.166047377854162015e+00
2.098483793753965765e-01
3.631233427750049647e-01
2.773946391016167690e-01
6.658988946972872469e-01
5.766339885937910026e-01
6.898396893740116331e-01
7.532243999872081375e-01
3.313877997079132331e+00
1.461483129446525808e+00
3.797314462619702624e+00
1.820083649217831556e-01
5.088602662077597039e+00
1.113031058306939158e+00
6.612613564592777493e-01
3.299801630492630089e+00
1.094714381011163695e+00
4.450486039612022160e-01
2.570179674274682746e+00
8.546908760229637858e-01
5.399399599193369648e-01
4.910562021197322768e-01
6.114092558913085673e-01
2.911488067569369953e-01
7.105376812889995231e-01
6.728752729129875432e-01
6.247540901370649546e-01
8.355291802854896144e-01
6.998255745602706135e-01
1.938230607950106599e+00
1.305928841547990826e+00
3.424525251402338877e-01
8.164586253491413759e-01
9.136053895208333664e-01
8.637336425398802753e-01
4.767164374214769573e-01
2.523546657599658793e+00
9.659090219430133128e-01
1.883161729378875382e+00
6.010327932467810497e-01
4.747209902152755845e-01
6.246794105421504817e-01
1.056028004985442914e+00
7.454724637398818521e-01
6.307927927214990182e-01
9.832710980009018442e-01
4.696060154808774367e-01
3.598449796860767602e-01
5.670383479981309094e-01
6.085946795277690224e-01
5.917493255456864887e-01
9.728752828550691900e-01
9.900906008872421005e-01
5.476074156683270466e-01
1.918270971515638301e+00
1.240552144691714709e+00
9.646550983448700656e-01
5.652799115441122790e-01
3.267448211426733362e-01
1.699317130582295832e+00
8.701753850998987794e-01
2.961774738448851307e-01
1.117682665146781051e+00
2.728297717346543916e-01
4.180805627089609899e-01
1.878627012867089885e+00
2.799740418790376495e+00
1.484496424368718648e+00
1.658881116777715992e+00
2.748120271284220650e-01
1.290339661590834464e+00
1.219857786862289739e+00
3.971439530151497088e-01
4.869392466098368399e-01
4.403364840776756717e-01
1.169540015122523258e+00
5.741615185531230292e-01
6.658451650247100284e-01
5.141722978579562620e-01
1.252109874679976143e+00
5.686517339024346196e-01
4.177716669996917043e-01
1.394202452338115794e+00
5.062470395613272167e-01
2.942240959139888479e-01
5.394571812468140770e-01
3.113682690006990827e-01
3.002730403374384238e+00
4.209123390124664965e-01
2.774144946287454006e-01
6.068676180160956779e-01
6.748844804411842091e-01
7.056706417505125284e-01
5.218663465270999557e-01
9.453778500565199749e-01
6.736609718016390858e-01
3.176088135593665429e-01
9.462039315799795069e-01
4.518819537892649341e-01
1.271678408749547629e+00
4.420574228404932082e-01
4.272147066557081541e-01
3.446764732834207146e-01
3.038019247588292782e-01
1.359751741675708336e+00
5.115873912405098922e-01
5.139121392951606637e-01
1.747325776102762296e+00
1.271160375897479655e+00
8.098761724641463378e-01
1.306831550279979215e+00
1.564680162584637824e+00
5.346699882172427643e-01
1.597592729796643241e+00
3.200338012166505930e-01
2.920771627497532608e-01
6.199973310277060445e-01
2.610018850905430066e-01
1.236888471671704348e+00
9.331962709258171396e-01
1.043896819037701595e+00
6.066770255908814358e-01
1.030489601926831256e+00
4.442708495889921005e-01
7.918923197995790808e-01
4.915788539117482148e-01
1.195717105803984381e+00
5.273531599285253835e-01
3.727412086720179873e-01
5.803365515023704013e+00
2.373293349701360633e+00
1.837202288280715523e+00
3.754236652264362206e-01
5.756842225569420712e-01
8.048646455620216411e-01
3.673884332378978268e-01
1.014043787667535224e+00
1.070544408205196918e+00
7.669460761613375865e-01
1.827774903038007270e+00
6.420055097173928971e-01
6.961141191769244507e-01
3.280567834119709758e-01
1.568919318779433691e+00
1.108398980327157002e+00
1.683562720780315436e+00
9.054601916087647862e-01
3.091957590147890400e+00
4.847227607010289319e-01
2.510292775970026202e+00
2.140288005484079381e+00
1.563284886175017707e+00
9.637773343456170760e-01
1.519003062701012929e+00
7.466191956049539336e-01
1.464876772761982693e+00
6.071615259393439157e-01
5.432639612390205430e-01
1.000460701684411591e+00
9.007864642171115044e-01
5.928113811039068537e-01
1.723818821196412276e+00
8.171958167019323094e-01
1.622623998562959802e+00
2.880269808503547413e+00
5.422522348469105413e-01
1.317768676148614038e+00
1.275133349880835931e+00
3.905742873897870004e-01
7.560742302235787804e-01
4.508381424790932623e-01
5.274662433466651423e-01
4.567204992829136501e+00
5.582838620347414516e-01
4.647854965546454054e-01
2.462305794358552180e-01
4.933762938241069151e-01
6.872996708160584722e-01
5.498679040186786882e-01
1.250967295917526423e+00
2.688506145697130645e+00
2.508806926219583122e+00
2.084398582807499345e+00
7.852058681918463456e-01
3.109422716070049941e-01
6.213002399129691211e-01
8.559126319961218865e-01
1.020266280425898398e+00
5.981585037180700004e-01
6.385379197111880067e-01
1.475671044799355514e+00
7.169734299056966798e-01
4.735812473874433381e-01
6.077636983206331500e-01
3.828662360742559612e-01
9.024197052457194612e-01
1.310193567301408013e+00
7.264624138748079218e-01
3.742944401062383020e-01
2.071052762505720235e+00
9.565826829289330036e-01
1.448653677549956331e+00
3.304979828830200361e+00
2.759762452481032025e+00
2.747114578897298820e+00
9.623479222162467650e-01
9.251147613892811705e-01
1.119383003010907984e+00
1.386394809491831026e+00
5.306995486362371395e-01
1.995114512948222618e+00
9.928382699905575759e-01
5.383899591124717832e-01
1.390727452691051358e+00
1.522592463557797871e+00
4.313996054407323033e-01
9.570130521922532996e-01
9.855346725446020306e-01
2.514885246036214772e-01
4.825849021390935523e-01
2.021229402985736279e+00
2.929156093438333386e+00
3.956494454715914877e+00
3.768800480134786746e+00
5.310501779784937426e-01
4.519732049417725661e-01
5.048573792877698807e+00
2.232119559842986600e+00
1.196801001899523875e+00
1.152193592961933133e+00
5.852475640198360196e-01
7.468075181451148126e-01
1.952974256765686700e+00
1.255267518365811075e+00
1.374508404383503413e+00
2.642501698337706539e+00
1.380967309211718952e+00
2.297311226805994977e+00
1.620591756106775527e+00
9.420304883495368431e-01
4.827133101764120027e-01
9.324178212125858733e-01
5.406245283855355410e-01
1.816868685990387977e+00
2.563303119313784073e+00
6.091163074977073322e+00
1.322123761303510392e+00
3.267535362774433239e+00
9.372452301972303834e-01
8.582671515619449965e-01
4.097268657618837295e+00
1.414023020435742239e+00
1.372089717166975031e+00
2.941043164890975614e+00
2.047847177254998652e+00
1.768740797128449671e+00
8.975658750286255039e-01
1.266661738030257389e+00
2.033206864120154833e+00
1.437636111389240634e+00
1.276953677035325807e+00
7.200826816999635893e-01
6.187075584537048423e-01
3.576198128208319282e+00
3.132636204510170330e+00
9.650076366257545057e-01
1.000441354199452570e+00
1.202182523929621105e+00
2.399134272699612769e+00
3.549209019670830134e+00
9.541010618795299214e-01
6.094553396440678394e-01
5.091545463315068076e-01
1.015227501697388846e+00
1.240244685240218914e+00
6.310247206874916026e-01
3.364233544266720166e+00
1.350749934231925575e+00
1.722651266499178213e+00
1.723093288593442907e+00
6.464201355372052316e-01
9.904976902326884103e-01
8.378486155052813356e-01
1.513799088131321691e+00
2.967645888444557123e+00
6.865067504421269451e-01
1.029445121609335434e+00
6.106251846486183688e-01
3.321679349314700325e+00
1.391476029498128542e+00
9.709634730087384202e-01
1.106516763053898789e+00
6.918433132782043637e-01
9.161925527400718305e-01
9.147100450473694133e-01
1.099819102312502572e+00
1.020405107120067267e+00
1.401603739465829612e+00
6.226731726508974996e-01
4.472553233731911826e-01
4.065796413713978485e-01
3.799728335394421119e-01
6.485177834073099223e-01
1.081744558111465970e+00
2.243831038077095108e-01
4.899569402072273538e-01
3.541445875909642327e-01
4.530502462589549029e-01
4.661383621957023715e-01
2.188087530004234615e-01
1.992301401903840419e-01
2.218058567172906392e-01
1.758368379686208738e-01
3.811688756111861753e-01
2.091726164721514902e-01
6.122663814559557993e-01
2.863005901040586720e-01
5.855959768886486172e-01
1.266790804170070950e-01
5.037096849302129531e-01
3.426217015233848917e-01
9.146426072813882424e-01
3.295403537491798929e+00
1.519830197684099771e+00
9.395662340676180779e-01
1.064412934565511337e+00
2.769755298439864899e-01
1.077071823290701058e+00
9.036412040076269303e-01
4.047149278640388426e-01
2.778805815252363143e-01
3.638991884232012919e-01
3.767958523074959043e-01
6.816916374636066145e-01
9.080491247404077759e-01
1.193677598981944588e+00
2.143828540293349683e+00
4.063320104753204154e-01
3.404904535924124787e-01
1.127424561123717694e+00
7.315185435387556723e-01
1.142424963630178203e+00
6.852592369360379632e-01
7.684598015432237972e-01
7.793082009055641857e-01
8.331349693639560350e-01
3.437480191281309660e-01
2.031864548534293990e-01
1.848729740614731276e-01
5.114436331497451693e-01
2.601634693694757638e-01
6.069282927425476704e-01
4.131977949685978757e-01
2.090841186279407182e+00
6.586036867996758470e-01
2.884649795173642728e-01
2.233380403360845923e-01
1.581285607752139499e-01
1.290193457441695668e-01
5.852018499985958133e-01
7.922096844212487277e-01
5.744605250877412583e-01
3.804247090914337770e-01
2.122843293790707131e-01
4.825379970410456076e-01
7.421724777034248710e-01
6.854286368335920088e-01
3.406539603117695325e-01
1.759136959938490397e-01
4.843613914673243759e-01
9.627688555337386989e-01
4.315451174788191291e-01
2.298050596975495630e+00
3.102524009730516230e+00
2.536712685387956245e-01
6.431718837979707448e-01
5.208976059397314451e-01
1.510938638715717541e+00
1.713770755725045891e-01
3.720550871103748269e-01
2.302516144580313284e+00
1.264332235974037211e+00
1.367888583013762371e+00
8.160807547779909132e-01
5.523659869298943592e-01
9.305505642682825318e-01
1.975616357212522656e-01
2.554389847462696927e-01
2.323335695486646202e+00
4.755500309871809606e-01
5.626137295665148974e-01
5.858583815110217641e-01
3.524203963916832105e-01
7.958125843744329186e-01
2.623779379153127200e-01
3.384287008235035366e+00
4.193926600493998791e+00
5.019975203072135628e-01
6.619040028741398629e-01
6.466970514367342826e-01
1.606424962204622275e+00
2.394446194780250337e-01
2.846061397518006686e+00
1.823887913414747430e+00
1.418633155066979512e+00
1.263654539972267177e+00
9.328895622273444266e-01
4.170088396475020165e-01
4.667802632925220907e-01
3.225691803110968259e-01
1.527573577763277957e+00
1.378507262443052550e+00
5.067797236899280744e-01
5.768156260646548628e-01
3.226245800224764038e-01
4.999023284407853041e-01
2.574031025227910274e-01
8.974016021724893211e-01
1.092453667896172265e+00
1.297840078934367369e+00
2.479372631702295438e-01
8.207590626700876912e-01
2.567305268409297292e-01
4.068548271226263835e-01
2.488649235447974561e+00
5.341923288790784152e-01
2.401416106106951109e-01
4.686689824473286858e-01
7.514516539668902873e-01
2.069648811806096000e-01
9.933208727543274552e-01
1.531515830302114800e-01
5.513372318765848989e-01
2.719571811141758833e-01
2.641249704712358981e-01
1.636328968371636439e+00
2.398318283238546345e-01
2.267344636664533897e-01
1.394470843606352983e-01
1.674031627697222468e+00
6.289394573613560357e-01
2.835331331476500516e-01
2.107351963006778850e-01
3.577853528147248996e-01
2.788683441812631614e-01
2.527747371302770385e-01
1.371112701761969810e-01
1.793870837107741645e-01
6.160410886934533092e-01
4.365414172781092450e-01
5.937738584174188095e-01
3.156298249551581225e-01
3.690804152725513099e-01
1.762241276301247939e-01
1.203630390248229931e+00
2.078360581326507694e-01
1.682464801289124123e-01
1.630585159924107519e-01
3.987290467898058077e-01
8.091164276680642420e-01
2.556680698161356569e-01
1.491423950030859591e-01
3.295984715901395523e-01
1.072509080664938025e-01
2.694846598568435558e-01
3.429339150874923803e-01
2.812053784366128073e-01
5.675112771242585286e-01
6.835489907449234792e-01
2.178267147903937273e-01
1.323691964137195809e-01
2.014730983423257960e-01
4.013821239819831965e-01
3.665195644446641032e-01
1.612224798224003663e+00
1.316932204147517882e-01
1.012691920792076150e+00
2.518370510875899138e-01
4.706925248004693585e-01
3.309081182242045172e-01
2.618909543721525957e-01
5.016612480247938377e-01
8.375210512539610352e-01
2.075452033675175001e-01
6.977430748217761103e-01
7.709937261335999548e-01
5.989577348116492672e-01
7.540402207950493985e-01
3.114882353850965124e-01
1.371814122188833363e+00
2.096514155151217307e-01
2.068525879263835021e-01
3.367962048200784375e-01
1.466464163801985410e-01
4.994485033947635988e-01
1.030423042894996311e+00
1.515532055219503738e+00
3.399975482277704408e+00
7.592912923540349190e-01
1.900756815560158408e+00
1.345704583785597208e+00
1.028775638617877242e+00
1.162734924653278323e+00
2.171481973541452781e+00
1.415369398082268582e+00
2.612192352883055402e-01
3.297589140687375853e-01
6.435545771680322158e-01
4.924405952501006989e-01
4.069905379932471368e-01
1.160455003019055686e+00
2.710115031221795312e-01
5.938878961544333812e-01
1.546692713557284549e+00
2.283762701744279866e+00
6.730882727109113173e-01
3.495091689724431072e-01
5.651998943132103825e-01
2.363768934676952149e+00
3.023704615587906597e-01
1.248847350890804897e+00
2.311522503971036535e+00
4.341928921229913918e-01
7.652331546636492732e-01
3.536559714986596825e-01
1.124353229409835286e+00
5.323028619852723242e-01
1.696256387695142642e+00
2.102718788649545978e+00
1.148696271306548056e+00
8.175164818240530096e-01
6.564553050587982330e-01
5.906369050657171993e-01
3.084107349957060373e-01
8.470786944432020515e-01
1.206029377831971505e+00
5.419747732869988344e-01
1.120639406336356725e+00
2.601171794764051692e-01
1.950759509518468215e-01
2.957232192941392501e+00
1.317276197821485084e+00
9.395606353703951363e-01
7.641078328714325796e-01
9.681485533028317825e-01
2.387163919590543082e-01
6.834817780288821032e-01
4.628560673501375122e-01
2.237556910992958559e-01
4.389472359372760812e-01
9.646722445734112750e-01
1.677049474367631632e+00
5.915807301988531552e-01
3.606555690250823343e-01
9.245671134352508869e-01
1.342604936233959378e+00
8.747882693719054581e-01
3.984706621406415294e-01
5.694387955406139401e-01
2.824352653175682404e-01
4.054839954613009279e-01
1.129336172195650523e+00
2.308722312814295297e-01
4.454936817511582769e-01
5.764410351402193822e-01
5.446989399338336701e-01
5.775354795258249574e-01
3.212462148632471148e-01
3.986031623407599866e-01
3.592079775840914535e-01
3.419981777494865982e-01
1.101710280811016407e+00
1.841986617057169262e+00
1.600011718102478664e+00
6.341672539176891332e-01
1.213495885500730065e+00
1.183912093049148906e+00
6.603214538891370999e-01
4.270552354245374715e+00
4.351623089730566329e-01
7.654035756145620706e-01
4.637789515329082679e-01
6.827520139240267349e-01
1.105362771742589789e+00
1.252582658503987645e+00
6.706148714795492349e-01
5.892125586635605927e-01
4.645369541196793794e-01
4.788512968957657767e-01
4.447791979946742469e-01
5.709160944902551549e-01
5.895457667957466619e-01
4.159904302226973827e-01
3.952198747351777230e-01
4.446864616099025502e-01
6.786605124075042461e-01
3.846950752037985310e-01
7.078501523354144842e-01
1.384354974664202320e+00
5.506544209794888012e-01
6.339320943038349032e-01
6.018263420620864057e-01
1.332004821426440166e+00
5.244423650934005865e-01
3.463929974037646686e-01
2.689770559844663067e-01
5.181475985266461581e-01
4.340194860689413625e-01
1.368160593248785251e+00
1.578371337705648081e+00
6.367490557315961253e-01
7.471454505850630978e-01
1.309719124887675168e+00
2.316913075989218140e-01
1.354155630495583296e+00
1.517846692702817801e+00
8.859121563452172499e-01
8.825079428246586088e-01
2.833837539745548417e-01
6.270162730110886429e-01
3.302609525312650285e-01
7.735168508050445091e-01
2.270774975506632654e+00
9.449110292838900360e-01
9.188355504267335938e-01
5.783493863277036073e-01
5.219660174195850377e-01
9.244416396934811431e-01
4.027541598709595827e-01
6.389757542524115985e-01
2.920420369037804997e-01
1.018109996444942711e+00
3.238144471882266062e-01
5.460673516231078217e-01
3.579555517738612913e-01
5.278979446587721558e-01
1.308580059016351882e+00
8.308554547822251113e-01
1.069204534848613886e+00
2.990538585481606337e-01
7.540645147967439677e-01
3.012059673264801396e-01
6.844464021567164824e-01
5.756254366984855375e-01
9.895853612585583381e-01
3.673143671585780146e-01
1.219551966613243277e+00
7.505672709852100333e-01
4.063362817223462042e-01
2.751563071144402239e-01
8.142334022160830909e-01
3.252746551606658376e-01
4.729544227792235600e-01
6.268973971457606487e-01
5.325858031620875899e-01
5.225207473193194119e-01
9.545762800021114769e-01
5.488013006231826640e-01
1.130008771938018075e+00
3.960603722217820311e-01
7.639093700265774389e-01
5.539484429227757856e-01
1.259634100120055500e+00
1.241197801560238734e+00
1.426355170299131503e+00
6.607355509985206599e-01
2.552807870528283063e-01
4.058806353860596183e-01
7.269299898015875172e-01
3.003908261365883514e-01
7.770335409972792817e-01
2.818426169240676460e-01
2.375790044550229185e-01
1.485317481294982367e-01
3.338130389290671074e-01
7.354961767910033199e-01
1.807089543535400078e-01
4.081207886402097307e-01
9.222928829843727305e-01
1.025734852219390092e+00
2.883445077726045636e-01
2.597451127374428292e-01
2.217659243673681113e-01
8.256159688309783196e-01
1.053728719698393546e+00
2.525602764641183273e-01
5.715283936432005163e-01
1.257163040285994349e+00
2.092030243386035604e+00
4.017902095293093834e-01
4.106877714532654045e-01
1.133469289846964045e+00
4.767554558323624514e-01
2.565647926976527771e+00
2.422650352961486675e+00
1.007886004662191581e+00
4.873950504834199671e-01
5.600105625664572040e-01
1.236150633034723167e+00
6.895262928189604956e-01
7.453600307537857628e-01
1.168212981061296452e+00
1.016508789425360382e+00
1.169876581441199104e+00
3.060675959669751922e-01
5.594107862328575598e-01
3.930801715122270057e+00
2.294135392097134130e+00
2.441447436315177022e+00
4.793652104420401128e-01
6.916542966072234400e-01
7.685796325830973608e-01
4.210912777083928304e-01
5.842167387431284054e-01
4.778806802959434941e-01
9.889812612051566143e-01
6.985796219229060133e-01
5.439258056155935606e-01
4.985343044853459693e-01
4.424564988100641028e-01
8.593681002060282736e-01
3.266015899937444456e-01
3.643000944149064058e-01
8.143595660954974225e-01
3.068334237736648484e-01
5.901369159582976476e-01
2.480958604296120695e-01
3.012597257186512278e-01
7.634840189049683090e-01
4.777319250594130318e-01
2.107740165717675862e-01
6.717681781321784840e-01
3.086274812536053402e-01
9.277272521041077802e-01
5.682540106690205928e-01
9.148527271869939526e-01
4.886087645338236252e-01
8.805827240676733503e-01
6.172665161183272797e-01
3.203147673190697153e-01
3.523895075282810208e-01
2.865789976204030642e-01
1.450005862963183789e+00
7.307939330064405770e-01
7.132710468588073782e-01
4.158324950821807309e-01
5.566267826081443548e-01
6.479291996696869838e-01
3.870353630044264248e-01
2.613003366264470828e-01
5.124236664682335629e-01
6.906562260688380306e-01
3.038679582888101915e-01
2.589271923708614254e-01
3.812754605150574072e+00
7.018672578420070973e-01
1.064798750338161071e+00
4.658373303530865539e-01
2.947946710208109722e-01
5.585448166536718384e-01
7.179042269413964394e-01
1.561930355300163775e+00
1.940182228560420219e+00
5.391612338206484001e-01
1.896295692059023263e+00
9.480669811203545905e-01
1.854783458472692992e+00
5.238981526664082677e-01
5.644147071034837371e-01
1.939677506785387973e+00
7.652676460536727010e-01
3.232721444049983517e-01
5.443093354873773659e-01
1.561807015919285835e+00
5.013948941988074504e-01
1.325083199289881941e+00
9.169273690934857113e-01
2.471691381911175767e-01
