0.000000000000000000e+00
1.821301987801773321e-07
1.155706046835903145e+01
2.615339827023749564e+01
4.923588934816452678e+01
6.034582180484404290e+01
6.366351094962518431e+01
8.517854295779906693e+01
1.338037410066279733e+02
2.100169574076413710e+02
3.646264841395544636e+02
4.501291379139014452e+02
5.325637161062140876e+02
6.612179764896945926e+02
7.777877324471947986e+02
9.295067127352651823e+02
1.173360292794285442e+03
1.388644361158142146e+03
1.598434242603842904e+03
1.783433671171900187e+03
1.925857734225145123e+03
2.141471220793610883e+03
2.535033904021800481e+03
2.831209760362042289e+03
3.260280826151037218e+03
3.595153755250627000e+03
4.200289910553210575e+03
4.104819819303178519e+03
3.844988932792256037e+03
3.517878714107864198e+03
3.348586431403725328e+03
3.032436282410966669e+03
2.841545322689704335e+03
2.595422673384515292e+03
2.352188958432557683e+03
2.233690957250611973e+03
2.114742286245174455e+03
1.900558254958843918e+03
1.689409814685255242e+03
1.530997403383405981e+03
1.477736508385039087e+03
1.357100633028756647e+03
1.249748054037151178e+03
1.107646339136827237e+03
9.887066920725394539e+02
9.327821757912033718e+02
8.590230322836639516e+02
7.962970082949865400e+02
7.672635280406282163e+02
7.016099329255166595e+02
6.264955611893389005e+02
6.030940081708795333e+02
6.123388442294711922e+02
5.943347546748932473e+02
5.681851726743382187e+02
5.036990157909401660e+02
4.986024846449533925e+02
5.107215210266087979e+02
4.605328448604433333e+02
3.982301398141249251e+02
3.717787980935631822e+02
3.473014758952256216e+02
3.566097344007746415e+02
3.639808831448268052e+02
3.972116916083364231e+02
3.964881614956226485e+02
3.718483642449063495e+02
3.678534708826895212e+02
3.545932371387566491e+02
3.349486066982925649e+02
3.265860445657609716e+02
3.210590498977717857e+02
3.197513919510764708e+02
3.477365558211888583e+02
3.389847020646923852e+02
3.069657720524839419e+02
2.974614294112840867e+02
3.331717081774712597e+02
3.505308844879341450e+02
3.286841739618517408e+02
3.015571634518504993e+02
2.979072104327431703e+02
3.167216988810841940e+02
3.207852368717992135e+02
3.148329521883171083e+02
3.349342805904910279e+02
3.356091771235270471e+02
3.520564647885076965e+02
3.127037740588214660e+02
3.276146043845259328e+02
3.038789659257714675e+02
2.731276800812636338e+02
2.724771929053750910e+02
2.703538607706731796e+02
2.664557352934050982e+02
2.476412481831745254e+02
2.376617556722268318e+02
2.368295682577290791e+02
2.310557361501358287e+02
2.368309449386667893e+02
