1.415798874234785399e+04
2.868534223201373243e+04
4.322678860615643498e+04
5.625785597172466078e+04
7.058436005559838668e+04
8.466947729890800838e+04
9.859635338956379564e+04
1.129031147838681209e+05
1.255690622468401998e+05
1.385565758409163682e+05
1.516467214571440127e+05
1.666234059101092862e+05
1.807627140063905681e+05
1.949448234546290478e+05
2.085731987351482967e+05
2.226409270969028876e+05
2.370351689146686986e+05
2.476130789235653647e+05
2.625571130297165364e+05
2.757731790514916647e+05
2.888290929081655922e+05
3.033408486742846435e+05
3.178973833906075452e+05
3.301727418826519861e+05
3.417312343273458537e+05
3.537665077312074136e+05
3.684346136132728425e+05
3.862350919589991099e+05
3.998227333766376833e+05
4.151002358255642466e+05
4.315510866000133683e+05
4.442670399984549149e+05
4.557587901669600396e+05
4.690119811012795544e+05
4.845839858830790035e+05
4.958144800084313611e+05
5.119611468747516628e+05
5.297624076036226470e+05
5.405497099763951264e+05
5.568649720872004982e+05
5.735373271824653493e+05
5.846820920908843400e+05
6.007237165291091660e+05
6.146950219945210265e+05
6.248397880479914602e+05
6.393262345516977366e+05
6.518548987424274674e+05
6.679022129372245399e+05
6.809625880424688803e+05
6.955831217000389006e+05
7.105297027130231727e+05
7.231010783648804063e+05
7.379031348999199690e+05
7.504988276857767487e+05
7.665669099914564285e+05
7.840249109357270645e+05
8.003151534323480446e+05
8.123134584002941847e+05
8.307741049850462005e+05
8.454360816442616051e+05
8.595570986214041477e+05
8.735695341352043906e+05
8.905157200018685544e+05
9.051993403752314625e+05
9.157987109873261070e+05
9.341967602619122481e+05
9.493160215581846423e+05
9.674565535822625970e+05
9.856495918385836994e+05
1.000144627910433104e+06
1.014938640880886349e+06
1.020510144402541337e+06
1.034450720521456562e+06
1.051155709317085799e+06
1.064759121581350220e+06
1.082916692911535734e+06
1.093080312734150793e+06
1.102753265129100997e+06
1.116399755076390458e+06
1.131459265605428023e+06
1.150061956347091123e+06
1.167020290792885236e+06
1.177176589506839169e+06
1.185117721828908427e+06
1.198880780206196941e+06
1.215409766087139491e+06
1.226946558219756698e+06
1.238825661289330805e+06
1.248679320885705762e+06
1.269339685956844827e+06
1.283496449520480586e+06
1.300599481567298528e+06
1.316768025198063580e+06
1.331025629625842907e+06
1.344808497278501047e+06
1.363047865934155881e+06
1.373406438990012510e+06
1.385420468194524758e+06
1.398931416088230209e+06
1.414202033565481892e+06
