6.748151173546216341e+03
1.347828422973155284e+04
2.067788046571314771e+04
2.770069140386350773e+04
3.448475895769227645e+04
4.117861607027745049e+04
4.840436054974616854e+04
5.625472643914535001e+04
6.336489794631814584e+04
6.893776314757447108e+04
7.604456541328957246e+04
8.269944319881242700e+04
8.971522933510925213e+04
9.653298930351523450e+04
1.042616163755792950e+05
1.121648447312490025e+05
1.210863297681067197e+05
1.272191682265009294e+05
1.328694793712252867e+05
1.392598384094169305e+05
1.473541680098232464e+05
1.542499332424135355e+05
1.588420961534335220e+05
1.664062962520646397e+05
1.720388023539866554e+05
1.783829774816037097e+05
1.848789149635772919e+05
1.910910571092472237e+05
1.971445719046258891e+05
2.018299682521894574e+05
2.086263408617769601e+05
2.134696254572566831e+05
2.206101467718688364e+05
2.265674384283036634e+05
2.359577008112221956e+05
2.416289931413877639e+05
2.484180679473435157e+05
2.532840316661532852e+05
2.603913333253650344e+05
2.672494709226241102e+05
2.749690556431079167e+05
2.824796075630337000e+05
2.893065363960391842e+05
2.976335167801072821e+05
3.040850748266743612e+05
3.111161956726097851e+05
3.165107374440650456e+05
3.224935847303709015e+05
3.318325161204088363e+05
3.421167927411167184e+05
3.479690586159058730e+05
3.532099203619772452e+05
3.604412380728691351e+05
3.676017151516093290e+05
3.760783537787680980e+05
3.837748798368642456e+05
3.859968612853342202e+05
3.930000493883542949e+05
4.008107234826359781e+05
4.079409373154761852e+05
4.148420826806708938e+05
4.218726974745296757e+05
4.288887432954447577e+05
4.381341416128410492e+05
4.430373600865046610e+05
4.487990492981525604e+05
4.594980489128387999e+05
4.646913284465446486e+05
4.716172703634952777e+05
4.775193024648754508e+05
4.867854622345746029e+05
4.914859669000582653e+05
4.991875734546610038e+05
5.055827266704208450e+05
5.105064868632485741e+05
5.169369238941953517e+05
5.241757125317977625e+05
5.329015951238687849e+05
5.392007982024630764e+05
5.438565239177427720e+05
5.487336607337188907e+05
5.508642265379731543e+05
5.603016782770395512e+05
5.676405986400202382e+05
5.753575798557412345e+05
5.826795541327338433e+05
5.929525378018363845e+05
5.971368826662923675e+05
6.036573303810841171e+05
6.111097528979943600e+05
6.194988911259513116e+05
6.274880218216333305e+05
6.317459573117629625e+05
6.384775619141184725e+05
6.421486967284675920e+05
6.519188444150347495e+05
6.605730141009797808e+05
6.683088857080359012e+05
6.760465617902600206e+05
6.829916471245844150e+05
