4.225699866819833339e+00
8.455456751959452788e+00
1.268522179220814827e+01
1.690932638832105539e+01
2.113888005154341343e+01
2.536699765052152955e+01
2.959014157635042963e+01
3.381396113359502209e+01
3.803868203969910411e+01
4.226158063673640441e+01
4.649295514031820176e+01
5.071947748160846459e+01
5.494991877013184478e+01
5.918416743593124352e+01
6.340988490916498677e+01
6.763753708008702858e+01
7.186378113072655083e+01
7.609230901202758446e+01
8.032128153585983910e+01
8.455042903850051061e+01
8.878106351676669306e+01
9.300670143871701612e+01
9.723433150309190864e+01
1.014613010962658848e+02
1.056894057376267995e+02
1.099139471004632043e+02
1.141393207247713661e+02
1.183721264941201525e+02
1.225983473983326206e+02
1.268296105426920661e+02
1.310583080006819614e+02
1.352816076805333125e+02
1.395057959127944116e+02
1.437351017967221765e+02
1.479590597995670862e+02
1.521885323655760942e+02
1.564126682989891606e+02
1.606395270179474721e+02
1.648662960775355089e+02
1.690939466303031509e+02
1.733110516488818860e+02
1.775413466800159199e+02
1.817724083451504669e+02
1.860040992695294335e+02
1.902318898159365972e+02
1.944624140960724503e+02
1.986876812948462714e+02
2.029124959413294675e+02
2.071426541664706065e+02
2.113697843863064918e+02
2.156009996377763400e+02
2.198275718929236291e+02
2.240557640683693421e+02
2.282890869810648553e+02
2.325167674448927642e+02
2.367470058551900820e+02
2.409747618741432973e+02
2.451982692193611797e+02
2.494247528239046403e+02
2.536528915473071208e+02
2.578812099239924578e+02
2.621117074900340640e+02
2.663366513511917333e+02
2.705670292320654085e+02
2.747964615756390572e+02
2.790254739464015188e+02
2.832584072769964223e+02
2.874911825068805911e+02
2.917150595031032481e+02
2.959419948892321486e+02
3.001687237649897497e+02
3.043972460558522926e+02
3.086248747312770320e+02
3.128568454688851830e+02
3.170882394003771196e+02
3.213157726579444216e+02
3.255454309114123816e+02
3.297724891610302507e+02
3.339963344669309322e+02
3.382195881561161741e+02
3.424513253267154482e+02
3.466806051747033735e+02
3.509062566944635932e+02
3.551314166029761168e+02
3.593545118691538391e+02
3.635804324530632812e+02
3.678051979621262717e+02
3.720275926132256927e+02
3.762526699665439764e+02
3.804750668504827900e+02
3.846953106357433967e+02
3.889216820025586685e+02
3.931509683514948392e+02
3.973792980578791116e+02
4.016049011096347954e+02
4.058350439956947184e+02
4.100656815487537301e+02
4.142930175263508090e+02
4.185198068832103218e+02
4.227492653455078653e+02
