6.379089955111263421e-01
1.275718060074762183e+00
1.914752279633708643e+00
2.553066049980324603e+00
3.191416616540460716e+00
3.830085165136429826e+00
4.468013631458661372e+00
5.107302062376652074e+00
5.746141998880891499e+00
6.384906074755162919e+00
7.024449646858990093e+00
7.662929807685138428e+00
8.302134667104425603e+00
8.941564065027652219e+00
9.580967097597367754e+00
1.022006931940717323e+01
1.085893702860212429e+01
1.149767906816443386e+01
1.213586742001788288e+01
1.277503064187123449e+01
1.341465566429036294e+01
1.405345612193131188e+01
1.469224784808894313e+01
1.533066417649115465e+01
1.596953767814415670e+01
1.660920076113884392e+01
1.724783662820534857e+01
1.788769134709977138e+01
1.852643726764273424e+01
1.916536615566160506e+01
1.980431121657068871e+01
2.044277238010284137e+01
2.108066279220547301e+01
2.171959561428965202e+01
2.235813080137859288e+01
2.299727865332585353e+01
2.363579451735082770e+01
2.427515435078088402e+01
2.491394837415915475e+01
2.555313106827436442e+01
2.619079525327878954e+01
2.682967779292440014e+01
2.746878674598340808e+01
2.810798866883031977e+01
2.874650589440647863e+01
2.938530756476333394e+01
3.002366206622366107e+01
3.066230839596960678e+01
3.130141708780744381e+01
3.194050027465082309e+01
3.258062500769300840e+01
3.321963001281317673e+01
3.385799800283216143e+01
3.449722970129770516e+01
3.513630371171455380e+01
3.577575297677941535e+01
3.641516214845112387e+01
3.705362987111342932e+01
3.769211597457758955e+01
3.833102559218045258e+01
3.896925795612963128e+01
3.960761642374017555e+01
4.024670117706664740e+01
4.088541786535706990e+01
4.152444687376269883e+01
4.216334210714489217e+01
4.280273475452792553e+01
4.344265877969389322e+01
4.408152545409166123e+01
4.471979256205746367e+01
4.535854033840239907e+01
4.599650549261328081e+01
4.663560768347722529e+01
4.727453994535905935e+01
4.791314157112753236e+01
4.855205511109959104e+01
4.919027017322000006e+01
4.982834764540168493e+01
5.046657527637983520e+01
5.110525095639685844e+01
5.174449568794497623e+01
5.238338729691459861e+01
5.302243583940781946e+01
5.366087252392293294e+01
5.430009478558600478e+01
5.493975599783740904e+01
5.557883772691534574e+01
5.621684890637863674e+01
5.685462941063219944e+01
5.749209260646252062e+01
5.813013240430063178e+01
5.876791838329391027e+01
5.940637849432827977e+01
6.004492749505672577e+01
6.068327515176767406e+01
6.132251741778594578e+01
6.196213554780478461e+01
6.260075566457443585e+01
6.323937540672368129e+01
6.387909210763911005e+01
