1.448850067562275035e+04
2.896315150493705005e+04
4.254628173465544387e+04
5.698488301208808844e+04
7.320529365142073948e+04
8.719984421945913346e+04
1.026253702300969453e+05
1.166001448156660772e+05
1.338976673244176491e+05
1.485352336295148707e+05
1.614429274963687349e+05
1.746006244062497863e+05
1.865686161889462091e+05
2.012186739900409011e+05
2.167954096928990912e+05
2.327314390408918553e+05
2.460928052651763719e+05
2.595604058033684269e+05
2.764900184645224363e+05
2.900084739071284421e+05
3.030704104493725463e+05
3.158088465430354117e+05
3.286094404805874219e+05
3.437793735703250277e+05
3.591131743127793306e+05
3.713429215321251540e+05
3.846538823061429430e+05
4.001650143499848200e+05
4.170174773744788836e+05
4.305170024742699461e+05
4.451039535838319571e+05
4.583482186917205108e+05
4.710143692413812969e+05
4.827650582672143937e+05
4.966503115745654213e+05
5.098692108221118106e+05
5.203877795664407895e+05
5.356681085825584596e+05
5.504208483451545471e+05
5.616612404496113304e+05
5.763934984202625928e+05
5.900385734193113167e+05
6.085803081907670712e+05
6.198689716706146719e+05
6.358935401562821353e+05
6.529156804445044836e+05
6.658401872257471550e+05
6.786538652729125461e+05
6.917118665944025852e+05
7.039490980576190632e+05
7.180057232372972649e+05
7.334349414305206155e+05
7.489703706326219253e+05
7.646942076838675421e+05
7.808762049754341133e+05
7.954883621394190704e+05
8.075393764262970071e+05
8.235207740088196006e+05
8.400778291335664690e+05
8.557367350423714379e+05
8.705933486522808671e+05
8.787068083529005526e+05
8.902988134305127896e+05
8.998755859672880033e+05
9.109877970783023629e+05
9.249326380176794482e+05
9.328755415220169816e+05
9.452691497354996391e+05
9.667561342274030903e+05
9.783835729382513091e+05
9.886370569559528958e+05
1.005834880547023844e+06
1.013040269747567130e+06
1.026944729728800943e+06
1.038470884779938497e+06
1.053310612231079023e+06
1.070317714116470888e+06
1.088877993033103878e+06
1.102724673186770175e+06
1.113062308337955270e+06
1.130149349805007922e+06
1.140273547504994320e+06
1.153395344681042945e+06
1.174219171231521061e+06
1.186059081899474608e+06
1.192418318734951550e+06
1.203309138721009949e+06
1.222494901333677582e+06
1.235445576334147248e+06
1.251214129079087870e+06
1.258041707123638364e+06
1.279330752009191550e+06
1.297713373354019132e+06
1.308248668451197213e+06
1.325189344342947938e+06
1.339439700906445039e+06
1.349218811041632900e+06
1.367071296226105420e+06
1.383717116880245740e+06
1.401840572976026917e+06
