4.386809891204523915e+00
8.779494490538603202e+00
1.316987801773959887e+01
1.756226479118699046e+01
2.195465915371562104e+01
2.634537519869101274e+01
3.072653233512862769e+01
3.511587813038674710e+01
3.950207256369537134e+01
4.388892912096662258e+01
4.828143300356226320e+01
5.266939237357338044e+01
5.706454529545054299e+01
6.146359058334653724e+01
6.585099614822111391e+01
7.024406398396082807e+01
7.463410554767430938e+01
7.902359132280996334e+01
8.341254183562294600e+01
8.780281696755695009e+01
9.219727848312277274e+01
9.658832646185619808e+01
1.009765808484873730e+02
1.053645396026122967e+02
1.097554461432621906e+02
1.141465110977067496e+02
1.185356035943859041e+02
1.229303439983626021e+02
1.273210575924816084e+02
1.317164715991185915e+02
1.361089323089729817e+02
1.404965688854239545e+02
1.448836640338135737e+02
1.492735618527872816e+02
1.536584131992377991e+02
1.580515240491216673e+02
1.624395514422793667e+02
1.668279682084904607e+02
1.712212972031826439e+02
1.756153437046747854e+02
1.799938481118066989e+02
1.843839550613914753e+02
1.887723398040878919e+02
1.931674138905878237e+02
1.975560588504660302e+02
2.019444446879384429e+02
2.063324119844433255e+02
2.107198740474682097e+02
2.151127297496852293e+02
2.195023718692248735e+02
2.238967435811875077e+02
2.282868739597275294e+02
2.326781240087397009e+02
2.370762093360655740e+02
2.414666060212064167e+02
2.458559275738872998e+02
2.502489982109867981e+02
2.546365229840773452e+02
2.590252881091484483e+02
2.634163271081757784e+02
2.678075500066983636e+02
2.722001103672317868e+02
2.765916516916617525e+02
2.809805588674261685e+02
2.853710877792138945e+02
2.897676246893194048e+02
2.941648469988579109e+02
2.985597103605778670e+02
3.029477237633990967e+02
3.073359005164354585e+02
3.117274333141424449e+02
3.161161586957829854e+02
3.205069662598205582e+02
3.248992607056515567e+02
3.292926657527135035e+02
3.336885576853736097e+02
3.380788973119828142e+02
3.424702372252179430e+02
3.468573586849351500e+02
3.512438530043814353e+02
3.556397749694292543e+02
3.600300810517092600e+02
3.644176974339818571e+02
3.688061461156812015e+02
3.731922825465576921e+02
3.775816259828989132e+02
3.819745975495072798e+02
3.863582512548124441e+02
3.907487358356706864e+02
3.951324067510054761e+02
3.995199236693596845e+02
4.039085881599077652e+02
4.083003206933689739e+02
4.126882821180554402e+02
4.170770350000690883e+02
4.214659723968177332e+02
4.258593714666232017e+02
4.302478950708986076e+02
4.346351216432897218e+02
4.390322441994474616e+02
