1.426055750798973895e+04
2.838412472125516797e+04
4.327142106760136812e+04
5.837688911549518525e+04
7.171955804726333008e+04
8.621565283332584659e+04
1.019460053050584102e+05
1.188772659647514083e+05
1.315047501406078227e+05
1.449877253399183974e+05
1.584945549019212194e+05
1.713526822995827824e+05
1.844263612475792761e+05
2.000821975510244956e+05
2.154559198096048203e+05
2.306543516215540003e+05
2.470524597841718351e+05
2.594627876919239061e+05
2.746454553158273338e+05
2.897822886046038475e+05
3.069170021748517174e+05
3.185313501175062847e+05
3.316975733390208916e+05
3.457537224302320392e+05
3.628358964753374457e+05
3.764361226090927375e+05
3.905425972476111492e+05
4.068932896623624838e+05
4.189174998356273863e+05
4.366390273988156114e+05
4.519347676982416306e+05
4.653727908242692938e+05
4.759834943394491565e+05
4.918026289870247128e+05
5.060687497385676252e+05
5.175583158928470220e+05
5.354248207174170529e+05
5.495073577609937638e+05
5.633258221820961917e+05
5.788037978270472959e+05
5.961635181311678607e+05
6.073340417561463546e+05
6.241703444070873084e+05
6.413234756094935583e+05
6.532113646753192879e+05
6.693481302332450869e+05
6.798709338344261050e+05
6.948109960976334987e+05
7.043149670504602836e+05
7.170405953655778430e+05
7.295112433491512202e+05
7.451104517593606142e+05
7.644570656880253227e+05
7.736022889992736746e+05
7.889828462901789462e+05
8.067840404332504841e+05
8.233706962751920801e+05
8.365628313606050797e+05
8.535253806875115260e+05
8.729991801519149449e+05
8.919858578824789729e+05
9.090351452011821093e+05
9.223489325423906557e+05
9.383775461153814103e+05
9.522218924367729342e+05
9.685066782271201955e+05
9.818035427873709705e+05
9.918366644307193346e+05
1.011177302283873432e+06
1.026158857488076435e+06
1.041044083016056451e+06
1.058721081325788982e+06
1.073980462449365295e+06
1.083872262391727883e+06
1.097245211215846241e+06
1.109751549187983619e+06
1.124388279841296142e+06
1.140645086278668372e+06
1.161065183150675846e+06
1.177861078209153377e+06
1.189708709500565659e+06
1.209161977233675076e+06
1.223947057719117263e+06
1.235237482393363258e+06
1.244425363897099625e+06
1.253281747997727711e+06
1.266449163105054758e+06
1.277375000563101145e+06
1.291818109699164052e+06
1.303540599638883723e+06
1.315976000429459848e+06
1.327695240982160438e+06
1.345321311143100495e+06
1.363303435550025431e+06
1.372573024488402298e+06
1.386663954672013409e+06
1.400414791225793073e+06
1.413550218515011482e+06
1.419583621069633169e+06
1.437095942709184485e+06
