4.410545465333536974e+00
8.828921512912744518e+00
1.324731086136477209e+01
1.765917397386388643e+01
2.207708150106007139e+01
2.649565708486359128e+01
3.090338443817648439e+01
3.531759729189509756e+01
3.973301862987187860e+01
4.414934014601087142e+01
4.856864338729237573e+01
5.298411089259379736e+01
5.740784288320374174e+01
6.182731478715457030e+01
6.623895862935643208e+01
7.065893180683923447e+01
7.507382421767223946e+01
7.949104378121360526e+01
8.391014698257417592e+01
8.832630242905017326e+01
9.274908011096997029e+01
9.716449715999462455e+01
1.015823366646357897e+02
1.059903909317444430e+02
1.104048174818601922e+02
1.148197930095235222e+02
1.192339470023321724e+02
1.236534631027685975e+02
1.280674849400635367e+02
1.324827071843939166e+02
1.368974003131650647e+02
1.413082440798490040e+02
1.457228448985574403e+02
1.501375713476287217e+02
1.545493633955410360e+02
1.589617257738235310e+02
1.633740734484275094e+02
1.677900716416717444e+02
1.722075806234060167e+02
1.766224716138438851e+02
1.810299907659536132e+02
1.854445022794562590e+02
1.898647601140166046e+02
1.942834215700360687e+02
1.986983653945482047e+02
2.031122928878362188e+02
2.075255420037416059e+02
2.119398555638962023e+02
2.163582069210952739e+02
2.207755606164176925e+02
2.251955182872797820e+02
2.296097459791965889e+02
2.340253529901490879e+02
2.384426481019356174e+02
2.428572067083116792e+02
2.472726494103600032e+02
2.516845683327574363e+02
2.560935386224084027e+02
2.605051707826267489e+02
2.649249434071388691e+02
2.693434127575664547e+02
2.737619969206655242e+02
2.781777847726258415e+02
2.825926048086537321e+02
2.870089780484781841e+02
2.914290433415955590e+02
2.958505529079039889e+02
3.002676477863922173e+02
3.046781528363032976e+02
3.090953034696254917e+02
3.135091618286082848e+02
3.179222310269947798e+02
3.223399505250992547e+02
3.267632308023042924e+02
3.311820917654598588e+02
3.355945264388294049e+02
3.400068276031465757e+02
3.444258349515394571e+02
3.488388177480864556e+02
3.532486065333452530e+02
3.576643872051988637e+02
3.620744072597002514e+02
3.664871356690632069e+02
3.708953182993783457e+02
3.753043713540261592e+02
3.797225939095558260e+02
3.841337271947405156e+02
3.885438492413959466e+02
3.929588102885416561e+02
3.973651372048813073e+02
4.017759098433211875e+02
4.061857330253594682e+02
4.106028862364988754e+02
4.150208821347794697e+02
4.194343693660581494e+02
4.238532450478131750e+02
4.282672931165910768e+02
4.326830066823736161e+02
4.370950541923130572e+02
4.415138002096271634e+02
