1.408178795333163180e+04
2.932771208681686403e+04
4.317891341627293878e+04
5.670550231429516134e+04
7.027883111431833822e+04
8.471317755915914313e+04
9.770873471782212437e+04
1.123200928522126196e+05
1.252841682448437496e+05
1.388565348800632637e+05
1.541631053597875580e+05
1.696269648152319714e+05
1.827369996097880939e+05
1.992008545908912783e+05
2.139637287121800764e+05
2.290749231388360495e+05
2.452052565085242386e+05
2.589305374324327277e+05
2.749822562778706779e+05
2.862364482892862870e+05
3.009123913199597737e+05
3.148582243877503206e+05
3.323816625265383045e+05
3.453192534173945314e+05
3.619262212574915611e+05
3.738234389938358800e+05
3.887609143987303833e+05
4.044923688654454891e+05
4.175710583948591957e+05
4.315788861713295919e+05
4.496764903304315521e+05
4.648687796023714473e+05
4.818154648625324480e+05
4.980864440873408457e+05
5.108782853215406067e+05
5.304659764668011339e+05
5.471256070157701615e+05
5.605656443622345105e+05
5.740675831972596934e+05
5.895441072717804927e+05
6.034259347397440579e+05
6.166542691950879525e+05
6.330358540915451013e+05
6.516717545007383451e+05
6.708816910879365169e+05
6.842153043509643758e+05
7.020093405205832096e+05
7.153290806322731078e+05
7.279950147780854022e+05
7.429329562835766701e+05
7.600933586552948691e+05
7.723963835470564663e+05
7.862007684008419747e+05
7.913668509647175670e+05
8.050494237567887176e+05
8.264077644839428831e+05
8.462705215671851765e+05
8.656750351778570330e+05
8.784924087368979817e+05
8.921292870240210323e+05
9.047780886436061701e+05
9.176192366623799317e+05
9.306860739194719354e+05
9.453588374782163883e+05
9.558136603073367151e+05
9.676101936561671318e+05
9.827198665973029565e+05
1.001258232127301046e+06
1.014597768197199679e+06
1.029067475030897069e+06
1.046239153707770398e+06
1.062181591938971076e+06
1.070383301129037281e+06
1.086708104984919541e+06
1.102746653159204870e+06
1.119652651166544762e+06
1.130321141167872585e+06
1.144746568444862496e+06
1.166762081050062086e+06
1.181290043799793813e+06
1.199918593136715703e+06
1.209343237097236793e+06
1.227770810515347170e+06
1.247191647634780966e+06
1.260164382510645082e+06
1.270436547174412990e+06
1.284194618275314802e+06
1.294809087217459455e+06
1.307404906516335672e+06
1.319168802835511044e+06
1.331221658219746547e+06
1.344562712445875630e+06
1.367053158254305832e+06
1.384621431941227056e+06
1.399080215374506311e+06
1.412588732886528131e+06
1.423679043928067200e+06
1.439079477080140729e+06
1.451987756902030902e+06
1.474451558402766939e+06
