4.664419099398869548e+03
9.332251037476731653e+03
1.400623486606561164e+04
1.867199421090470423e+04
2.334376369646524108e+04
2.800898006660688770e+04
3.267189808485017056e+04
3.734060949521103612e+04
4.200776386165319127e+04
4.667326960321958904e+04
5.134466130606005754e+04
5.601139354966331302e+04
6.068688104851316893e+04
6.535965070511039085e+04
7.002891135569084145e+04
7.469925365570060967e+04
7.936831790352624375e+04
8.403993959937311593e+04
8.870660107498934667e+04
9.337933224376980797e+04
9.805537588901218260e+04
1.027209223482290108e+05
1.073873728506640473e+05
1.120497503009443026e+05
1.167204800517008262e+05
1.213878724563320720e+05
1.260539174239917775e+05
1.307256624142210349e+05
1.353945178877746803e+05
1.400661818439151102e+05
1.447375186456752126e+05
1.494059348709348997e+05
1.540709748796371859e+05
1.587405273222765536e+05
1.634027040847378667e+05
1.680691469159469125e+05
1.727374234113618440e+05
1.774103029626941425e+05
1.820791273119519756e+05
1.867512107006507867e+05
1.914110462750692677e+05
1.960808260109097173e+05
2.007532044761101424e+05
2.054269741335458821e+05
2.100947171237657312e+05
2.147625273005521158e+05
2.194281498068867659e+05
2.240993104066509113e+05
2.287716166762033245e+05
2.334417205712325522e+05
2.381150613285598229e+05
2.427819188565130462e+05
2.474493845920853782e+05
2.521216969507081376e+05
2.567927659283152898e+05
2.614608859935898217e+05
2.661318617308362154e+05
2.707965011428745929e+05
2.754688637014111737e+05
2.801386983106835396e+05
2.848058139292517444e+05
2.894778061098349281e+05
2.941500445363186300e+05
2.988225845179610769e+05
3.034916406332631013e+05
3.081635528815236175e+05
3.128346187806407688e+05
3.175121693783942610e+05
3.221773285121567314e+05
3.268431058197286329e+05
3.315118401385516627e+05
3.361796215774243465e+05
3.408477131120126578e+05
3.455181181386876269e+05
3.501895769341378473e+05
3.548588739427990513e+05
3.595255415750045213e+05
3.641977231764556491e+05
3.688606278020563768e+05
3.735273469340408337e+05
3.782045509519062471e+05
3.828689050966314389e+05
3.875347954152270686e+05
3.921961320998942247e+05
3.968646669886397431e+05
4.015342761146159610e+05
4.062025723376817186e+05
4.108679430285333656e+05
4.155348758594680694e+05
4.201970476954912301e+05
4.248605393958396744e+05
4.295264007715295884e+05
4.341960991807529354e+05
4.388647884558902006e+05
4.435321418862720020e+05
4.482004801004093024e+05
4.528703501041466952e+05
4.575356321179725928e+05
4.622003719039408024e+05
4.668755382132351515e+05
